1511497870 21
1511498884 110
1511499071 110
1511499132 110
1511748318 181
1511750025 191
1511750540 191
1511751284 192
1511756357 218
1511990251 220
1511992396 220
1512016331 9741
1515032421 9741
1515039357 9786
1516675034 9786
1516775967 9796
1516784591 10923
1516784773 10926
1516787550 10951
1516787568 10952
1516828710 10967
1516828792 10967
1530236539 30457
1530237740 30463
1530657643 30668
1530659247 30673
1530663147 30673
1530665758 30697
1530666072 30697
1530668536 33609
1530758432 33610
1531106584 33616
1531107398 33616
1531282068 33657
1531786263 33675
1531786314 33669
1531786645 33669
1531794138 33648
1531795079 33648
1531867814 33649
1531872500 33651
1531874116 33648
1531874812 33648
1531961651 33648
1531965338 33631
1531968724 33626
1532557965 33636
1532559602 33527
1532561391 33489
1532562173 33473
1532565981 33456
1532566146 33453
1532569522 33452
1532572570 33453
1532573694 33440
1532575003 33424
1532575815 33422
1532576118 33423
1532578642 33425
1532647724 33457
1532648498 33457
1533165375 33463
1534302558 33472
1534729455 33471
